====================================================================================================
  SEASON STAT SHEET  —  2025 FALL BOMBERS NELSON 11U
====================================================================================================
  Record: 1-3-4  (0.125)    Runs Scored: 30    Runs Allowed: 38    Run Diff: -8    Games: 8
====================================================================================================

  BATTING

  NAME                   #   G  AB   R   H  2B  3B  HR RBI  BB  SO  SB HBP    AVG   OBP   SLG   OPS
  -------------------------------------------------------------------------------------------------
  Dominic N             20   4  10   2   5   1   0   0   5   1   1   3   0  0.500 0.545 0.600 1.145
  Nate B                 2   4  10   2   0   0   0   0   0   2   5   2   0  0.000 0.167 0.000 0.167
  Colby M                1   4   9   4   7   2   1   0   4   0   1   3   1  0.778 0.800 1.222 2.022
  Asher C               28   4   8   3   2   0   0   0   1   0   1   2   0  0.250 0.250 0.250 0.500
  Bryce D                3   4   7   4   2   0   0   0   0   3   2   1   1  0.286 0.545 0.286 0.831
  Joey P                 9   4   7   4   2   1   0   0   1   4   2   1   0  0.286 0.545 0.429 0.974
  Michael S             14   4   7   2   1   1   0   0   1   2   4   0   0  0.143 0.333 0.286 0.619
  Griffin D             22   4   6   2   1   0   0   0   1   3   3   1   0  0.167 0.444 0.167 0.611
  Henry H               23   4   6   1   3   0   0   0   1   3   3   3   0  0.500 0.667 0.500 1.167
  Shane R                8   4   6   3   0   0   0   0   0   3   4   1   1  0.000 0.400 0.000 0.400
  Brantley M            77   2   5   0   2   0   0   0   2   0   2   0   0  0.400 0.400 0.400 0.800
  Marshall W            25   2   5   3   3   1   0   0   2   1   0   0   0  0.600 0.667 0.800 1.467

  PITCHING

  NAME                   #    IP    H    R   ER   BB   SO   #P   ERA  WHIP   K/9
  ------------------------------------------------------------------------------
  Shane R                8   7.1    5    4    1    2    0   79  0.95  0.95   0.0
  Henry H               23   5.0   11    9    7    2    2   76  9.80  2.60   3.6
  Dominic N             20   1.2    1    0    0    0    0   18  0.00  0.60   0.0
  Griffin D             22   1.0    1    3    3    5    2   39 21.00  6.00  18.0
  Marshall W            25   1.0    2    1    1    0    2   15  7.00  2.00  18.0
  Nate B                 2   1.0    6    8    1    1    1   45  7.00  7.00   9.0
  Asher C               28   0.2    7   13   10    6    1   71 105.00 19.50  13.5
  Bryce D                3   0.2    2    0    0    1    0   11  0.00  4.50   0.0

====================================================================================================