====================================================================================================
  SEASON STAT SHEET  —  2025 FALL RAWLINGS PROSPECTS MARYLAND 11U
====================================================================================================
  Record: 22-4  (0.846)    Runs Scored: 304    Runs Allowed: 123    Run Diff: +181    Games: 26
====================================================================================================

  BATTING

  NAME                   #   G  AB   R   H  2B  3B  HR RBI  BB  SO  SB HBP    AVG   OBP   SLG   OPS
  -------------------------------------------------------------------------------------------------
  Everett C              1  26  76  39  36   8   1   1  33   7   1  26   0  0.474 0.506 0.645 1.151
  Grayson C             16  26  73  36  32   7   2   0  32  10   2  27   0  0.438 0.506 0.589 1.095
  Wyatt B               17  26  69  29  26   4   0   0  19  12   7  26   0  0.377 0.458 0.435 0.893
  Zaiden G              44  26  69  29  35   8   1   3  43   9  12  18   1  0.507 0.562 0.783 1.345
  Maxwell W             32  24  58  34  35   7   2   1  34  13   3  24   3  0.603 0.680 0.845 1.525
  Johnny H              25  26  54  14  12   1   0   0  15  14  10  10   3  0.222 0.403 0.241 0.644
  Mitchell C             4  22  50  32  20   5   1   1  17  15   7  25   6  0.400 0.577 0.600 1.177
  Brooks H               5  26  44  19   7   1   0   0   9  23  11  19   1  0.159 0.449 0.182 0.631
  Jayce M               11  23  44  22  16   1   0   0  18  12   7  17   2  0.364 0.517 0.386 0.903
  Carson B              22  17  37  21  18   5   0   0  10   6   5  17   3  0.486 0.574 0.622 1.196
  Trey D                 2  19  35  24  13   3   0   0  13  16   7  19   0  0.371 0.569 0.457 1.026
  JP K                  24   3   7   4   1   0   0   0   0   0   2   1   0  0.143 0.143 0.143 0.286
  Wyatt S                6   2   5   1   1   0   0   0   0   1   1   2   0  0.200 0.333 0.200 0.533

  PITCHING

  NAME                   #    IP    H    R   ER   BB   SO   #P   ERA  WHIP   K/9
  ------------------------------------------------------------------------------
  Johnny H              25  23.2   17   12    9   16   10  334  2.66  1.39   3.8
  Trey D                 2  21.1   20   12    6    7   14  323  1.97  1.27   5.9
  Brooks H               5  18.1   19   19   11   14   12  342  4.20  1.80   5.9
  Grayson C             16  15.1   19   14   13   11   17  287  5.93  1.96  10.0
  Jayce M               11  11.1   14   10    8   13    3  200  4.94  2.38   2.4
  Wyatt B               17  10.2    9   17   13   18   11  255  8.53  2.53   9.3
  Everett C              1  10.1    8    9    9    6   10  153  6.10  1.35   8.7
  Mitchell C             4   7.1    8   14    8   16    9  193  7.64  3.27  11.0
  Maxwell W             32   4.2    7   13    8   14    1  130 12.00  4.50   1.9
  JP K                  24   2.0    6    2    2    1    0   34  7.00  3.50   0.0
  Zaiden G              44   2.0    0    1    0    2    2   37  0.00  1.00   9.0

====================================================================================================