====================================================================================================
  SEASON STAT SHEET  —  2025 FALL LAKE SHORE GRAYSOX 11U
====================================================================================================
  Record: 21-5  (0.808)    Runs Scored: 309    Runs Allowed: 114    Run Diff: +195    Games: 26
====================================================================================================

  BATTING

  NAME                   #   G  AB   R   H  2B  3B  HR RBI  BB  SO  SB HBP    AVG   OBP   SLG   OPS
  -------------------------------------------------------------------------------------------------
  Nolan W               11  26  72  41  43  16   2   3  31  14   6  26   3  0.597 0.674 1.000 1.674
  Cole K                21  24  68  33  37  14   2   1  29  11   4  12   0  0.544 0.608 0.853 1.461
  Camden B               7  25  61  17  22   3   0   0  25  15   7   2   1  0.361 0.481 0.410 0.891
  Ryan D                 8  26  61  26  26   1   0   0  22  14   8  14   2  0.426 0.545 0.443 0.988
  Luke R                 5  26  60  40  28   9   0   0  30  20   9  25   2  0.467 0.595 0.617 1.212
  Raymond N              3  26  60  37  22   8   0   0  19  17  17  14   1  0.367 0.513 0.500 1.013
  Dylan H                2  25  59  31  24   2   2   1  18  16   6  25   2  0.407 0.545 0.559 1.104
  Eli O                  1  23  58  23  20   4   2   0  21   9   6  11   1  0.345 0.435 0.483 0.918
  Greyson N             13  23  47  26  18   4   1   0   9  15  15  16   1  0.383 0.531 0.511 1.042
  Miles T               44  23  46  24  15   2   0   0   7  15   7  23   2  0.326 0.508 0.370 0.878
  Andrew R               9  19  43  13  15   4   1   0  12   5   8   2   1  0.349 0.429 0.488 0.917
  KJ                    35   2   6   3   3   0   0   0   1   0   2   3   0  0.500 0.500 0.500 1.000

  PITCHING

  NAME                   #    IP    H    R   ER   BB   SO   #P   ERA  WHIP   K/9
  ------------------------------------------------------------------------------
  Raymond N              3  26.0   33   18   12    4   19  361  3.23  1.42   6.6
  Cole K                21  24.0   27   19   16    8   11  320  4.67  1.46   4.1
  Ryan D                 8  17.2   25   22    9    9   15  283  3.57  1.92   7.6
  Luke R                 5  13.2   14   16    9   17   13  284  4.61  2.27   8.6
  Camden B               7  11.1    7    8    6    8    6  155  3.71  1.32   4.8
  Miles T               44  10.2   20   17   10    3    8  173  6.56  2.16   6.8
  Eli O                  1   8.1    6    5    5    8    5  127  4.20  1.68   5.4
  Nolan W               11   7.2    7    2    2    1    8  101  1.83  1.04   9.4
  Andrew R               9   6.0    4    3    3    4    7  108  3.50  1.33  10.5
  Greyson N             13   3.0    0    0    0    2    4   38  0.00  0.67  12.0
  Dylan H                2   2.0    2    3    2    1    2   29  7.00  1.50   9.0
  KJ                    35   2.0    0    0    0    1    0   22  0.00  0.50   0.0

====================================================================================================