====================================================================================================
  SEASON STAT SHEET  —  2025 FALL BCC BIG TRAIN 11U
====================================================================================================
  Record: 25-10  (0.714)    Runs Scored: 294    Runs Allowed: 200    Run Diff: +94    Games: 35
====================================================================================================

  BATTING

  NAME                   #   G  AB   R   H  2B  3B  HR RBI  BB  SO  SB HBP    AVG   OBP   SLG   OPS
  -------------------------------------------------------------------------------------------------
  Grant Richards        22  35  95  38  42  16   1   1  31  11   9  21   1  0.442 0.505 0.663 1.168
  Beckett Dickinson     21  35  79  39  20   6   0   0  18  23  16  31   4  0.253 0.443 0.329 0.772
  Tommy DiPompeo        24  31  78  25  24   7   3   0  24   9   7  19   0  0.308 0.379 0.474 0.853
  Will Kowalski         98  29  74  24  27   9   2   5  32  11  14  10   0  0.365 0.447 0.743 1.190
  Oliver Wells          14  35  70  30  22   5   0   0  17  20   6  22   1  0.314 0.473 0.386 0.859
  Logan Pressberg       12  32  65  23  21   2   4   0  15  18  11  24   5  0.323 0.500 0.477 0.977
  Darcy Mizejewski       7  33  63  10  13   6   0   0   6  21  16  13   1  0.206 0.412 0.302 0.714
  Everett Harkins       51  28  60  20  26   9   2   1  35  12  10  13   7  0.433 0.570 0.700 1.270
  Ren Endo              11  35  59  22   9   0   1   0  10  21  20   9   3  0.153 0.398 0.186 0.584
  Grant Wang            17  31  56  16  10   1   1   0  12  15  10  17   1  0.179 0.361 0.232 0.593
  Joshua Lopez           2  31  56  31  13   3   1   0   9  23  13  23   1  0.232 0.463 0.321 0.784
  Adam Ingram            3  22  49  16  15   3   0   0  11  10   6  18   4  0.306 0.460 0.367 0.827

  PITCHING

  NAME                   #    IP    H    R   ER   BB   SO   #P   ERA  WHIP   K/9
  ------------------------------------------------------------------------------
  Will Kowalski         98  35.2   36   26   18   12   36  553  3.53  1.35   9.1
  Oliver Wells          14  31.1   36   31   25    9   23  469  5.59  1.44   6.6
  Logan Pressberg       12  23.2   23   21   16   12   19  363  4.73  1.48   7.2
  Darcy Mizejewski       7  20.0   26   21   12    9   13  353  4.20  1.75   5.8
  Grant Richards        22  18.2   20   22   15   15   17  311  5.62  1.87   8.2
  Ren Endo              11  15.1   23   15   11   11    7  263  5.02  2.22   4.1
  Adam Ingram            3  12.1   22   18   14   12   14  247  7.95  2.76  10.2
  Grant Wang            17  12.1   20   15   14    8    4  217  7.95  2.27   2.9
  Joshua Lopez           2   8.2   12   16    8   14    5  227  6.46  3.00   5.2
  Beckett Dickinson     21   7.0    9    8    7    4    3  127  7.00  1.86   3.9
  Everett Harkins       51   2.2    4    7    6    6    2   81 15.75  3.75   6.8
  Tommy DiPompeo        24   0.1    0    0    0    1    1   10  0.00  3.00  27.0

====================================================================================================