====================================================================================================
  SEASON STAT SHEET  —  2025 FALL KENT ISLAND BUCS WHITE 11U
====================================================================================================
  Record: 3-7  (0.300)    Runs Scored: 61    Runs Allowed: 106    Run Diff: -45    Games: 10
====================================================================================================

  BATTING

  NAME                   #   G  AB   R   H  2B  3B  HR RBI  BB  SO  SB HBP    AVG   OBP   SLG   OPS
  -------------------------------------------------------------------------------------------------
  Colin M                2  10  22   8   8   0   0   0   5   5   3  13   1  0.364 0.500 0.364 0.864
  Chase W               10  10  20   5  11   0   0   0   6   7   2  19   0  0.550 0.667 0.550 1.217
  Jay M                 11  10  19  11   5   0   0   0   2  10   4  12   0  0.263 0.517 0.263 0.780
  Mason C               13   8  19   5   5   1   0   0   5   3   3   5   0  0.263 0.364 0.316 0.680
  Tilghman O            24  10  19   8   2   0   0   0   1   7  11  11   0  0.105 0.346 0.105 0.451
  Matt F                18  10  16   2   2   1   0   0   5   8   9   4   0  0.125 0.417 0.188 0.605
  Caden S                3   5   9   2   2   1   0   0   2   2   1   1   1  0.222 0.417 0.333 0.750
  Liam R                14   8   9   7   0   0   0   0   1  10   7   9   0  0.000 0.526 0.000 0.526
  Mason T                7   7   9   3   3   0   0   0   2   7   6   4   1  0.333 0.647 0.333 0.980
  Jack E                16   3   5   0   0   0   0   0   0   2   5   2   0  0.000 0.286 0.000 0.286
  Henry P               27   2   4   0   0   0   0   0   0   2   3   0   0  0.000 0.333 0.000 0.333
  Baron W               25   1   3   0   0   0   0   0   0   0   1   0   0  0.000 0.000 0.000 0.000
  Jax W                  8   2   3   3   1   0   0   0   0   2   0   2   0  0.333 0.600 0.333 0.933
  Mason L               23   1   2   0   1   1   0   0   2   0   1   0   0  0.500 0.500 1.000 1.500
  Myles H               99   2   2   1   1   1   0   0   0   1   1   1   0  0.500 0.667 1.000 1.667
  Sam M                 12   1   2   0   1   0   1   0   1   0   0   0   0  0.500 0.500 1.500 2.000
  Easton W              42   1   1   1   0   0   0   0   0   1   0   1   0  0.000 0.500 0.000 0.500

  PITCHING

  NAME                   #    IP    H    R   ER   BB   SO   #P   ERA  WHIP   K/9
  ------------------------------------------------------------------------------
  Chase W               10  19.1   36   39   25   17   21  409  9.05  2.74   9.8
  Caden S                3   6.0    8    9    6    7    9  126  7.00  2.50  13.5
  Colin M                2   5.0    8    9    8    6    5   99 11.20  2.80   9.0
  Jay M                 11   4.0   18   15   14    4    7  119 24.50  5.50  15.8
  Mason C               13   3.2    7    4    4    2    2   67  7.64  2.45   4.9
  Tilghman O            24   2.1   11   19   15   12    0  117 45.00  9.86   0.0
  Easton W              42   1.1    5    7    7    3    1   44 36.75  6.00   6.8

====================================================================================================