====================================================================================================
  SEASON STAT SHEET  —  2025 FALL DELMARVA ACES EAST 11U
====================================================================================================
  Record: 4-5-1  (0.400)    Runs Scored: 66    Runs Allowed: 88    Run Diff: -22    Games: 10
====================================================================================================

  BATTING

  NAME                   #   G  AB   R   H  2B  3B  HR RBI  BB  SO  SB HBP    AVG   OBP   SLG   OPS
  -------------------------------------------------------------------------------------------------
  Deacon C              50  10  25   8  12   2   0   1   6   3   3   4   0  0.480 0.536 0.680 1.216
  Harrison H            21  10  25   7   9   1   1   0   5   1   8   2   1  0.360 0.407 0.480 0.887
  Jude M                23  10  25   9  11   4   0   0   6   2   2   8   0  0.440 0.448 0.600 1.048
  Bodhi B                3  10  24   9   9   2   0   0   4   3   5   8   1  0.375 0.464 0.458 0.922
  KJ D                   8  10  23   3   4   0   0   0   3   4   9   5   0  0.174 0.296 0.174 0.470
  Reed M                33  10  23   9  11   2   0   0   8   4   0   4   0  0.478 0.556 0.565 1.121
  Quinn P               24  10  20   7   4   0   0   0   0   7   8   9   0  0.200 0.407 0.200 0.607
  Mason D               44  10  19   5   8   0   0   0   6   3   3   6   0  0.421 0.500 0.421 0.921
  David C               12   9  18   3   4   1   0   0   2   2   5   4   0  0.222 0.300 0.278 0.578
  Nathan J              52  10  17   4   3   0   0   0   4   5  10   3   2  0.176 0.400 0.176 0.576
  Aidan T               22   3   8   3   4   1   0   0   6   2   2   6   0  0.500 0.600 0.625 1.225
  Ryan B                29   3   8   0   3   1   0   0   2   0   2   2   0  0.375 0.375 0.500 0.875

  PITCHING

  NAME                   #    IP    H    R   ER   BB   SO   #P   ERA  WHIP   K/9
  ------------------------------------------------------------------------------
  KJ D                   8  12.0   14   13    5    8   15  198  2.92  1.83  11.2
  Deacon C              50   8.2   10    9    6   10   15  188  4.85  2.31  15.6
  Ryan B                29   7.2    2    4    4    7    5  107  3.65  1.17   5.9
  Harrison H            21   5.1    8   10    4   10    1  112  5.25  3.38   1.7
  Reed M                33   4.2    7   17   15   14    3  152 22.50  4.50   5.8
  Bodhi B                3   4.1    8   10    8    7    4  109 12.92  3.46   8.3
  Jude M                23   4.0   13   12    7    1    4  117 12.25  3.50   9.0
  Aidan T               22   2.2    2    4    3    3    4   44  7.88  1.88  13.5
  David C               12   1.1    1    1    0    1    2   26  0.00  1.50  13.5
  Mason D               44   1.0    3    2    0    1    1   22  0.00  4.00   9.0
  Quinn P               24   0.0    2    6    6    4    0   26  0.00  0.00   0.0

====================================================================================================