====================================================================================================
  SEASON STAT SHEET  —  2026 SPRING BCC BIG TRAIN 11U
====================================================================================================
  Record: 2-1  (0.667)    Runs Scored: 24    Runs Allowed: 20    Run Diff: +4    Games: 3
====================================================================================================

  BATTING

  NAME                   #   G  AB   R   H  2B  3B  HR RBI  BB  SO  SB HBP    AVG   OBP   SLG   OPS
  -------------------------------------------------------------------------------------------------
  Beckett Dickinson     21   3   9   4   4   1   0   0   3   1   3   1   1  0.444 0.545 0.556 1.101
  Grant Richards        22   3   8   5   3   0   0   0   1   3   1   2   0  0.375 0.545 0.375 0.920
  Will Kowalski         98   3   8   5   4   1   0   1   5   2   0   0   0  0.500 0.600 1.000 1.600
  Logan Pressberg       12   3   6   2   1   0   0   0   0   2   1   2   1  0.167 0.444 0.167 0.611
  Ren Endo              11   3   6   0   0   0   0   0   0   1   2   0   1  0.000 0.250 0.000 0.250
  Adam Ingram            3   3   5   1   1   1   0   0   2   3   2   1   1  0.200 0.556 0.400 0.956
  Joshua Lopez           2   3   5   1   2   0   0   0   2   3   2   3   0  0.400 0.625 0.400 1.025
  Oliver Wells          14   3   5   2   0   0   0   0   0   4   3   0   0  0.000 0.444 0.000 0.444
  Darcy Mizejewski       7   2   4   0   0   0   0   0   0   0   1   0   0  0.000 0.000 0.000 0.000
  Everett Harkins       51   2   4   0   2   0   0   0   3   0   2   0   0  0.500 0.500 0.500 1.000
  Grant Wang            17   2   4   2   2   0   0   0   0   0   1   3   0  0.500 0.500 0.500 1.000
  Guest 2                    1   4   1   2   0   0   0   0   0   1   1   0  0.500 0.500 0.500 1.000
  Tommy DiPompeo        24   2   4   0   0   0   0   0   0   0   1   0   0  0.000 0.000 0.000 0.000
  Guest 1                    1   3   1   1   1   0   0   0   1   2   1   0  0.333 0.500 0.667 1.167

  PITCHING

  NAME                   #    IP    H    R   ER   BB   SO   #P   ERA  WHIP   K/9
  ------------------------------------------------------------------------------
  Will Kowalski         98   6.1    5    1    1    3    7   95  1.11  1.26   9.9
  Oliver Wells          14   3.1    6    6    5    2    2   60 10.50  2.40   5.4
  Logan Pressberg       12   2.2    3    4    3    3    3   41  7.88  2.25  10.1
  Ren Endo              11   2.0    5    3    2    0    0   34  7.00  2.50   0.0
  Adam Ingram            3   1.1    1    1    1    1    3   30  5.25  1.50  20.2
  Grant Richards        22   1.1    5    5    2    2    1   39 10.50  5.25   6.8
  Joshua Lopez           2   1.0    0    0    0    2    1   21  0.00  2.00   9.0
  Beckett Dickinson     21   0.2    0    0    0    0    0    4  0.00  0.00   0.0

====================================================================================================