====================================================================================================
  SEASON STAT SHEET  —  2026 SPRING BOMBERS NELSON 11U
====================================================================================================
  Record: 4-5-5  (0.286)    Runs Scored: 63    Runs Allowed: 69    Run Diff: -6    Games: 14
====================================================================================================

  BATTING

  NAME                   #   G  AB   R   H  2B  3B  HR RBI  BB  SO  SB HBP    AVG   OBP   SLG   OPS
  -------------------------------------------------------------------------------------------------
  Shane R                8   9  23   5   8   1   0   1   6   2   7   2   0  0.348 0.400 0.522 0.922
  CJ M                   1   9  21   7   4   0   0   0   3   2   3   1   2  0.190 0.320 0.190 0.510
  Dominic N             20   9  20   8   9   4   0   2  11   4   1   1   0  0.450 0.542 0.950 1.492
  Bryce D                3   7  18   4   7   1   0   0   3   1   2   0   0  0.389 0.421 0.444 0.865
  Griffin D             22   9  18   3   6   1   0   0   5   4   5   2   1  0.333 0.478 0.389 0.867
  Michael S             14   9  18   9   6   1   0   0   1   2   6   3   2  0.333 0.455 0.389 0.844
  Asher C               28   9  17   3   5   2   0   0   5   2   2   0   0  0.294 0.368 0.412 0.780
  Joey P                 9   9  15   5   6   1   0   1   8   1   5   1   0  0.400 0.438 0.667 1.105
  Marshall W            25   9  14   7   4   1   0   0   0   4   3   1   1  0.286 0.474 0.357 0.831
  Nate B                 2   8  11   7   2   0   0   0   1   3   2   5   0  0.182 0.357 0.182 0.539
  Henry H               23   5  10   1   3   2   0   0   3   2   1   0   0  0.300 0.417 0.500 0.917
  Brantley M            77   5   9   2   4   2   1   0   6   1   2   1   1  0.444 0.545 0.889 1.434
  Frankie O             44   4   5   1   1   1   0   0   1   1   3   0   0  0.200 0.333 0.400 0.733
  Gavin M                1   2   3   1   1   1   0   0   1   0   1   0   0  0.333 0.333 0.667 1.000

  PITCHING

  NAME                   #    IP    H    R   ER   BB   SO   #P   ERA  WHIP   K/9
  ------------------------------------------------------------------------------
  Shane R                8  11.0    9    6    4    6   11  174  2.55  1.36   9.0
  Dominic N             20   8.2    5    4    0    5    8  123  0.00  1.15   8.3
  Bryce D                3   5.0    3    6    4    6    6   91  5.60  1.80  10.8
  Brantley M            77   4.0    4    5    3    5    3   83  5.25  2.25   6.8
  Gavin M                1   3.0    8    8    3    1    0   66  7.00  3.00   0.0
  Michael S             14   3.0    4    6    3    2    2   66  7.00  2.00   6.0
  Asher C               28   2.2    5   10   10    5    2   78 26.25  3.75   6.8
  Marshall W            25   2.2    6    6    6    6    3   72 15.75  4.50  10.1
  Henry H               23   2.1    6    9    8    3    3   61 24.00  3.86  11.6
  Griffin D             22   2.0    6    9    5    3    1   50 17.50  4.50   4.5

====================================================================================================