====================================================================================================
  SEASON STAT SHEET  —  2026 SPRING BAGEL BOMBERS SUSSEX 11U
====================================================================================================
  Record: 10-2  (0.833)    Runs Scored: 158    Runs Allowed: 46    Run Diff: +112    Games: 12
====================================================================================================

  BATTING

  NAME                   #   G  AB   R   H  2B  3B  HR RBI  BB  SO  SB HBP    AVG   OBP   SLG   OPS
  -------------------------------------------------------------------------------------------------
  Jaxon K                3  12  33  22  19   4   0   1  11   4   3  12   1  0.576 0.632 0.788 1.420
  Beau M                35  12  30  18  13   4   0   3  21   3   6   1   0  0.433 0.471 0.867 1.338
  Krew J                87  12  30   8  11   2   0   1  10   4   2   0   0  0.367 0.441 0.533 0.974
  Evan C                 2  12  28  17  16   1   0   1  11   7   5   2   1  0.571 0.667 0.714 1.381
  Vinny A                8  12  27  16  13   3   0   4  19   6   4   4   1  0.481 0.588 1.037 1.625
  Luca A                10  12  26  17  14   1   1   0  10   7   2   3   0  0.538 0.636 0.654 1.290
  Gavin M                1  12  25  18  10   0   0   4  17   9   9   3   1  0.400 0.571 0.880 1.451
  Ronan L               12  12  22  15   8   3   1   0   7   4   3   7   2  0.364 0.500 0.591 1.091
  Deacon J               6  12  17   4   6   3   0   0   5   4   3   1   0  0.353 0.476 0.529 1.005
  Jacob R               77  12  16   8   2   0   0   0   5   9   2   3   1  0.125 0.462 0.125 0.587
  Preston C             97  11  15   6   5   1   0   1   7   8   6   2   0  0.333 0.565 0.600 1.165
  Wyatt D                5  10  12   6   2   0   0   0   3   6   5   2   0  0.167 0.444 0.167 0.611
  Dominic N             20   2   2   3   1   0   0   0   0   1   0   0   1  0.500 0.750 0.500 1.250
  Michael D             55   1   0   0   0   0   0   0   0   1   0   0   0  0.000 1.000 0.000 1.000

  PITCHING

  NAME                   #    IP    H    R   ER   BB   SO   #P   ERA  WHIP   K/9
  ------------------------------------------------------------------------------
  Krew J                87  12.0   13   11    9   12   14  229  5.25  2.08  10.5
  Gavin M                1  10.1   15   10    8    6   13  211  5.42  2.03  11.3
  Evan C                 2   8.2    9    7    2    9   10  171  1.62  2.08  10.4
  Preston C             97   6.2    4    6    1    5    5  106  1.05  1.35   6.8
  Beau M                35   3.2    3    4    4    4    4   81  7.64  1.91   9.8
  Luca A                10   3.2    4    4    1    3    8   90  1.91  1.91  19.6
  Dominic N             20   3.0    4    1    1    1    5   49  2.33  1.67  15.0
  Michael D             55   3.0    4    3    2    2    6   75  4.67  2.00  18.0

====================================================================================================