====================================================================================================
  SEASON STAT SHEET  —  2026 SPRING KENT ISLAND BUCS WHITE 11U
====================================================================================================
  Record: 4-7-42  (0.075)    Runs Scored: 86    Runs Allowed: 127    Run Diff: -41    Games: 53
====================================================================================================

  BATTING

  NAME                   #   G  AB   R   H  2B  3B  HR RBI  BB  SO  SB HBP    AVG   OBP   SLG   OPS
  -------------------------------------------------------------------------------------------------
  Jay M                 11   9  26  14  14   3   1   0  12   1   1  20   2  0.538 0.586 0.731 1.317
  Tilghman O            24   9  26   4  10   0   1   0   9   1   6   7   0  0.385 0.407 0.462 0.869
  Mason C               13   9  21   7   7   3   0   0   4   5   6  11   0  0.333 0.462 0.476 0.938
  Chase W               10   9  20   6   6   0   0   0   6   5   0   6   1  0.300 0.462 0.300 0.762
  Colin M                2   9  20   6   2   0   0   0   4   3   1   7   0  0.100 0.217 0.100 0.317
  Jack E                16   8  16   4   6   0   0   0   3   2   4   2   1  0.375 0.474 0.375 0.849
  Caden S                3   8  15   8   5   0   0   0   5   3   5   4   2  0.333 0.500 0.333 0.833
  Matt F                18   9  15   4   0   0   0   0   1   4  11   2   2  0.000 0.286 0.000 0.286
  Liam R                14   9  14   6   2   0   0   0   1   9   8  10   0  0.143 0.478 0.143 0.621
  Mason T                7   7  12   3   4   0   0   0   6   4   4   4   0  0.333 0.500 0.333 0.833
  Sam M                 12   6  12   5   6   2   0   0   4   1   3   0   2  0.500 0.600 0.667 1.267

  PITCHING

  NAME                   #    IP    H    R   ER   BB   SO   #P   ERA  WHIP   K/9
  ------------------------------------------------------------------------------
  Caden S                3   9.0   20   23   16    6   10  202 12.44  2.89  10.0
  Matt F                18   7.0    5    4    1    3    4   80  1.00  1.14   5.1
  Chase W               10   5.2   19   26   15    5    7  176 18.53  4.24  11.1
  Jay M                 11   4.2   12   15   12    5    2  111 18.00  3.64   3.9
  Sam M                 12   4.0    2    7    7   12    9  118 12.25  3.50  20.2
  Colin M                2   3.2   10   11   10    5    5   93 19.09  4.09  12.3
  Liam R                14   3.0    0    1    1    3    4   51  2.33  1.00  12.0
  Tilghman O            24   2.1    8   17   16   16    2  126 48.00 10.29   7.7
  Mason C               13   1.0    1    1    1    0    1   15  7.00  1.00   9.0

====================================================================================================