====================================================================================================
  SEASON STAT SHEET  —  2026 SPRING RAWLINGS PROSPECTS MARYLAND 11U
====================================================================================================
  Record: 5-4-14  (0.217)    Runs Scored: 73    Runs Allowed: 45    Run Diff: +28    Games: 23
====================================================================================================

  BATTING

  NAME                   #   G  AB   R   H  2B  3B  HR RBI  BB  SO  SB HBP    AVG   OBP   SLG   OPS
  -------------------------------------------------------------------------------------------------
  Everett C              1   9  28   9  15   2   0   2  13   1   3   6   0  0.536 0.552 0.821 1.373
  Maxwell W             32   9  23   9  13   0   0   1   7   4   6  10   0  0.565 0.630 0.696 1.326
  Carson B              22   9  22   9   9   0   0   1   8   6   2  12   1  0.409 0.552 0.545 1.097
  Brooks H               5   9  21   9   6   1   0   0   4   2   6   5   0  0.286 0.348 0.333 0.681
  Grayson C             16   9  21   6   7   2   0   0   4   6   4   6   1  0.333 0.500 0.429 0.929
  Mitchell C             4   9  19   5   6   0   0   0   4   3   8   6   1  0.316 0.435 0.316 0.751
  Zaiden G              44   9  19   6   9   0   0   1   7   6   2   6   1  0.474 0.615 0.632 1.247
  Jayce M               11   9  17   7   6   0   0   0   6   3   3   3   0  0.353 0.450 0.353 0.803
  Wyatt B               17   9  16   5   4   1   0   0   2   3   4   5   0  0.250 0.333 0.312 0.645
  Johnny H              25   9  12   7   2   1   0   0   4   7   5   2   1  0.167 0.476 0.250 0.726
  Trey D                 2   2   4   1   0   0   0   0   0   0   2   1   0  0.000 0.000 0.000 0.000

  PITCHING

  NAME                   #    IP    H    R   ER   BB   SO   #P   ERA  WHIP   K/9
  ------------------------------------------------------------------------------
  Johnny H              25  11.1    9   10    9    4    8  169  5.56  1.15   6.4
  Everett C              1   8.0   12    9    5    3    6  140  4.38  1.88   6.8
  Brooks H               5   7.0    4    0    0    2    7   91  0.00  0.86   9.0
  Wyatt B               17   5.0    9    9    7    9    4  129  9.80  3.60   7.2
  Zaiden G              44   4.1    4    1    1    4    2   68  1.62  1.85   4.2
  Jayce M               11   4.0    2    2    1    4    2   68  1.75  1.50   4.5
  Grayson C             16   1.0    3    4    4    2    1   30 28.00  5.00   9.0
  Mitchell C             4   1.0    4    3    2    1    1   26 14.00  5.00   9.0
  Trey D                 2   1.0    4    7    7    3    0   39 49.00  7.00   0.0

====================================================================================================