====================================================================================================
  SEASON STAT SHEET  —  2026 SPRING GAMBRILLS ATHLETIC CLUB 11U
====================================================================================================
  Record: 5-4-2  (0.455)    Runs Scored: 73    Runs Allowed: 59    Run Diff: +14    Games: 11
====================================================================================================

  BATTING

  NAME                   #   G  AB   R   H  2B  3B  HR RBI  BB  SO  SB HBP    AVG   OBP   SLG   OPS
  -------------------------------------------------------------------------------------------------
  Luke B                14   9  28   5  14   3   1   0   9   0   2   2   0  0.500 0.500 0.679 1.179
  Cooper P              16   9  25   3   8   1   0   0   9   2   1   4   0  0.320 0.370 0.360 0.730
  Luke P                11   9  25  14  12   1   0   0   2   4   2   7   0  0.480 0.552 0.520 1.072
  Darryl M              86   9  23  13  13   1   1   2  11   6   5   7   0  0.565 0.655 0.957 1.612
  Miles H               15   9  23   7   7   2   0   0   4   6   3   1   0  0.304 0.448 0.391 0.839
  Ryan B                 7   9  22  13  10   2   0   1  10   5   3   6   1  0.455 0.552 0.682 1.234
  Johnny Q               2   9  21   4   2   1   0   0   3   4   2   8   0  0.095 0.240 0.143 0.383
  Logan F                1   9  20   4   5   1   0   0   4   4   6   1   0  0.250 0.375 0.300 0.675
  Charlie F             17   7  15   6   7   1   0   0   4   5   5   8   0  0.467 0.571 0.533 1.104
  Grant Z               19   4   9   2   1   1   0   0   0   3   4   3   0  0.111 0.333 0.222 0.555
  Jaxon E               13   2   5   1   0   0   0   0   0   1   4   0   0  0.000 0.167 0.000 0.167
  Spencer S             13   2   5   1   0   0   0   0   0   0   4   0   1  0.000 0.167 0.000 0.167

  PITCHING

  NAME                   #    IP    H    R   ER   BB   SO   #P   ERA  WHIP   K/9
  ------------------------------------------------------------------------------
  Ryan B                 7  10.1   11   11    8    6    9  173  5.42  1.65   7.8
  Cooper P              16   7.1   15   11    9    4    8  136  8.59  2.59   9.8
  Logan F                1   5.1    8    7    6    1    3  100  7.88  1.69   5.1
  Luke P                11   5.1    9   10    5    4    7  117  6.56  2.44  11.8
  Miles H               15   5.1    2    1    1    4    6   79  1.31  1.12  10.1
  Johnny Q               2   4.2    9    9    8    3    2   79 12.00  2.57   3.9
  Charlie F             17   3.2    6    2    2    2    2   43  3.82  2.18   4.9
  Grant Z               19   3.2   11    8    8    3    4   71 15.27  3.82   9.8
  Darryl M              86   2.0    0    1    0    4    3   50  0.00  2.00  13.5

====================================================================================================