====================================================================================================
  SEASON STAT SHEET  —  2026 SPRING LAKE SHORE GRAYSOX 11U
====================================================================================================
  Record: 3-1-19  (0.130)    Runs Scored: 44    Runs Allowed: 34    Run Diff: +10    Games: 23
====================================================================================================

  BATTING

  NAME                   #   G  AB   R   H  2B  3B  HR RBI  BB  SO  SB HBP    AVG   OBP   SLG   OPS
  -------------------------------------------------------------------------------------------------
  Nolan W               11   4  12   4   4   1   0   2   4   1   3   0   0  0.333 0.385 0.917 1.302
  Miles T               44   4  11   2   4   1   0   0   5   1   1   2   0  0.364 0.417 0.455 0.872
  Dylan H                2   4  10   7   5   1   0   0   3   2   1   7   1  0.500 0.615 0.600 1.215
  Raymond N              3   4  10   4   5   1   0   0   3   3   1   2   0  0.500 0.615 0.600 1.215
  Ryan D                 8   4  10   3   2   0   0   0   0   2   4   5   1  0.200 0.385 0.200 0.585
  Camden B               7   3   9   3   4   0   0   0   6   1   1   0   0  0.444 0.500 0.444 0.944
  Eli O                  1   4   9   6   3   3   0   0   1   3   1   3   0  0.333 0.500 0.667 1.167
  Luke R                 5   4   9   7   4   2   0   0   2   4   0   5   0  0.444 0.615 0.667 1.282
  Andrew R               9   4   8   3   1   0   0   0   2   4   2   6   0  0.125 0.417 0.125 0.542
  Greyson N             13   4   8   2   1   0   0   0   3   4   3   4   0  0.125 0.417 0.125 0.542
  Jacob S                6   4   8   3   3   0   0   0   4   5   2   2   0  0.375 0.615 0.375 0.990

  PITCHING

  NAME                   #    IP    H    R   ER   BB   SO   #P   ERA  WHIP   K/9
  ------------------------------------------------------------------------------
  Raymond N              3   6.0    8    5    2    3    7  105  2.33  1.83  10.5
  Miles T               44   3.0    4    4    4    2    3   53  9.33  2.00   9.0
  Ryan D                 8   3.0    3    4    4    3    2   67  9.33  2.00   6.0
  Luke R                 5   2.2    1    3    3    3    4   55  7.88  1.50  13.5
  Nolan W               11   2.1    3    4    0    1    2   44  0.00  1.71   7.7
  Camden B               7   1.2    3    5    3    2    1   47 12.60  3.00   5.4
  Dylan H                2   0.1    1    0    0    0    0    7  0.00  3.00   0.0
  Eli O                  1   0.1    1    6    6    5    0   31 126.00 18.00   0.0
  Andrew R               9   0.0    0    4    4    3    0   20  0.00  0.00   0.0

====================================================================================================