====================================================================================================
  SEASON STAT SHEET  —  2026 SPRING DELMARVA ACES 11U EAST
====================================================================================================
  Record: 4-2-7  (0.308)    Runs Scored: 68    Runs Allowed: 41    Run Diff: +27    Games: 13
====================================================================================================

  BATTING

  NAME                   #   G  AB   R   H  2B  3B  HR RBI  BB  SO  SB HBP    AVG   OBP   SLG   OPS
  -------------------------------------------------------------------------------------------------
  Reed M                33   6  19   9  13   3   0   0   9   0   1   5   0  0.684 0.684 0.842 1.526
  Kj D                  24   6  17   7   5   0   0   1   5   2   1   3   0  0.294 0.368 0.471 0.839
  Harrison H            21   6  16   4   4   1   0   0   5   0   3   2   0  0.250 0.250 0.312 0.562
  Deacon C              50   6  14   5   3   0   0   0   3   3   2   6   0  0.214 0.333 0.214 0.547
  Jude M                23   6  14   8   9   1   0   0   8   3   0   5   0  0.643 0.706 0.714 1.420
  Nathan J              52   6  13   6   3   0   0   0   5   4   7   5   0  0.231 0.412 0.231 0.643
  KJ D                   8   6  12   8   8   0   0   1   4   5   0  12   1  0.667 0.778 0.917 1.695
  Mason D               44   6  12   9   4   0   0   0   1   4   2   4   1  0.333 0.529 0.333 0.862
  David C               12   5  11   3   2   0   0   0   6   2   2   2   0  0.182 0.308 0.182 0.490
  Quinn P               24   6  10   6   3   0   0   0   1   2   3   4   1  0.300 0.462 0.300 0.762
  Aidan T               22   3   7   3   3   1   0   0   3   1   0   2   0  0.429 0.500 0.571 1.071

  PITCHING

  NAME                   #    IP    H    R   ER   BB   SO   #P   ERA  WHIP   K/9
  ------------------------------------------------------------------------------
  Reed M                33   7.1    5    4    4    8    8  140  3.82  1.77   9.8
  Deacon C              50   6.1    6   12    7    7    9  161  7.74  2.05  12.8
  KJ D                   8   4.0    5    7    4    3    1   85  7.00  2.00   2.2
  Kj D                  24   3.2    1    0    0    3    2   66  0.00  1.09   4.9
  Jude M                23   3.0    6    5    0    0    4   68  0.00  2.00  12.0
  Mason D               44   2.1    0    5    5    4    3   48 15.00  1.71  11.6
  Quinn P               24   1.1    4    8    8    6    1   57 42.00  7.50   6.8

====================================================================================================