====================================================================================================
  SEASON STAT SHEET  —  SEASON
====================================================================================================
  Record: 17-5  (0.773)    Runs Scored: 194    Runs Allowed: 78    Run Diff: +116    Games: 22
====================================================================================================

  BATTING

  NAME                   #   G  AB   R   H  2B  3B  HR RBI  BB  SO  SB HBP    AVG   OBP   SLG   OPS
  -------------------------------------------------------------------------------------------------
  Luke P                11  22  62  31  24   5   0   1  14  10   3  22   1  0.387 0.479 0.516 0.995
  Ryan B                 7  21  52  23  19   3   3   1  20  11   8  20   0  0.365 0.476 0.596 1.072
  Jaxon E               13  22  50  20  24   7   0   0   9  17  11  16   2  0.480 0.623 0.620 1.243
  Luke B                14  22  50  13  16   4   1   0  14   6  10   9   1  0.320 0.404 0.440 0.844
  Cooper P              16  22  49  20  16   4   0   0  14  13   7  15   1  0.327 0.469 0.408 0.877
  Grant Z               19  22  49  17  22   9   2   0  22  15   6  19   1  0.449 0.576 0.714 1.290
  Johnny Q               2  19  48  15  15   4   0   0  11  10   3  20   0  0.312 0.431 0.396 0.827
  Logan F                1  22  46  13  16   0   0   0   7   8  14   8   1  0.348 0.455 0.348 0.803
  Charlie F             17  22  43  16  14   4   0   0   7  14  12  11   0  0.326 0.491 0.419 0.910
  Darryl M              86  18  40  18  17   7   1   1  20  12  13  17   3  0.425 0.582 0.725 1.307
  Miles H               15  17  35   8  10   3   0   0   9  11   8   3   1  0.286 0.468 0.371 0.839

  PITCHING

  NAME                   #    IP    H    R   ER   BB   SO   #P   ERA  WHIP   K/9
  ------------------------------------------------------------------------------
  Luke P                11  18.0   19    9    6    1   12  220  2.33  1.11   6.0
  Ryan B                 7  17.1   16   13    6   11   19  297  2.42  1.56   9.9
  Charlie F             17  15.2   13    4    3    4   10  204  1.34  1.09   5.7
  Grant Z               19  14.1   14    7    6    7    8  193  2.93  1.47   5.0
  Miles H               15  13.0    7    3    0    7   13  189  0.00  1.08   9.0
  Cooper P              16  11.1    8    7    2    7   10  169  1.24  1.32   7.9
  Logan F                1  10.0   14   10    6    3    6  125  4.20  1.70   5.4
  Jaxon E               13   7.1    5    7    5    7   10  123  4.77  1.64  12.3
  Luke B                14   7.0    7    9    9    8   10  129  9.00  2.14  12.9
  Darryl M              86   3.0    4    4    4    4    2   57  9.33  2.67   6.0
  Johnny Q               2   3.0    4    5    4    3    2   63  9.33  2.33   6.0

====================================================================================================